-0.001632737990937829
0.05297238736500406
0.04391217120232156
0.004667165941924046
0.1124305652393394
0.021775187373937598
0.07387465215466947
0.011379859916612013
0.024485723267662258
0.09300982694087409
0.013780711396950019
0.09247463842189053
0.03369812628464267
0.026666825469380106
0.03452442547372774
-0.00945191032422407
0.2538735574021915
state - 0, scores : 0.04055105639174048

-0.027636749102552503
0.10587108546746309
-0.013998734365989123
0.015503888618352354
0.056888174109040145
0.022332004066395125
0.028461631118427658
0.0465735512966316
0.2539724974081921
0.036548237412256074
0.04379484359483203
0.02907966672567524
0.09123383622635689
0.0948217861180264
0.0469305149919211
0.03371659664307557
0.004948931462546654
state - 1, scores : 0.03881816265883169

0.04947361709735001
0.03370288093361373
-0.013097801056564787
0.09553120507977277
0.046137048415184144
0.023288839184336985
0.010692807811971029
0.10813753272306931
0.05649649135806552
0.02078513409171063
0.044867803041949116
0.25396466384652416
0.09561652111498772
0.014551468232936585
0.03605759619972608
-0.0049597423717663205
0.022245449468239746
state - 2, scores : 0.0403675904476959

0.05795291870544715
0.029837486296981054
0.042893400335070934
-0.00025379987699705107
0.10637915288094178
0.06385624667010618
0.011853881653353155
0.023162648613577502
0.022519765226759657
0.11132204739730875
0.25390785283955164
0.009555733692682991
-0.014163888970140039
0.0026333027534492415
0.03857885891176723
0.09209267120519159
0.09157081673886419
state - 3, scores : 0.037646594087188415

0.03391144309139848
0.021292607488248492
0.043148957268846266
0.015011988862570345
0.01202219319026804
0.03420960893047142
0.11359522515178326
0.004709691646387046
0.023857147342223314
0.007686420247901465
0.02213695089006708
0.052695562581436116
0.09327532658832191
0.2538569189315981
0.09261260756459229
0.051240763939290675
-0.0044607389752238805
state - 4, scores : 0.040923606313610916

0.11212662594535894
0.010477249363927764
0.0918958274876931
0.02325132733784422
0.03319342132519871
0.011973573065480844
0.05042770062290289
-0.01372360271338392
0.022893534357632583
0.04252026121980084
0.007597753567188908
0.2539617893530117
0.09254003818361188
0.04608664015962936
0.03786324180619074
0.024234681426834354
0.05205608703809045
state - 5, scores : 0.040529903023801814

0.11356793031743169
0.0889647572336012
0.03827446544714703
0.04949453306117136
0.05276043182146589
0.011765240084588867
0.03349501924997008
0.08814264232003546
0.003114186032671966
0.25395752287439993
0.012123491669124822
0.022819981508296935
0.023937428067571504
-0.015060850576621036
0.04929029218000912
0.016950963527601042
0.03408122577516482
state - 6, scores : 0.03967926494500271

0.014585164761346215
0.10775949328108796
0.026119489007106853
0.03130277654560657
0.06255834765231787
0.05703818737257496
0.04237042421944808
0.024046021782341304
-0.013761221783327926
0.0906583076335182
0.009845379379069272
0.11044745509581244
0.004569298165845571
0.04502540458001181
0.004621277572255303
0.2539552300533759
0.09254115904249051
state - 7, scores : 0.04049511151973861

0.041400548589018406
0.02421500215533711
0.09066845998487925
0.03230630405323784
0.023820666894382718
0.007474266670705825
-0.015995117246459353
0.07814659504045644
0.01995702772799413
0.25388752084148497
0.010644607628174884
0.05253991581684373
0.022851887204892608
0.02301201215707405
0.04846344537648208
0.09068359473445896
0.023021104519421277
state - 8, scores : 0.03343116760588549

0.048414390365615664
0.11391956546859897
0.011250494894521656
0.023318794287244263
0.03314823780548327
0.02283488557971674
0.034429204072016446
0.008238804102070568
0.03808201065270942
0.25395832663450646
0.08828686626807286
0.08991022811577713
0.011436204496548847
-0.015302627822733773
0.02564377643662371
0.050263872889154716
0.05274558151543383
state - 9, scores : 0.04004222557945671

0.05033574916578158
0.04562872722178902
0.022654659921801372
0.011946759500386145
-0.012673121293800157
0.009848567930196065
0.03450448214804523
0.09145458506107275
0.05644912173153907
0.09226358117269079
0.02187917963504109
0.02321223890235898
0.09916067271193829
0.001735627322059427
0.043213470777904245
0.002818774529441834
0.25389803593943605
state - 10, scores : 0.035293059957749506

0.011081478307073362
0.02226823509327975
0.08937186552238599
0.10829964124546751
0.03767009946790609
0.03799479062040434
0.0882245384675098
-0.0011106839495893628
0.25397002772945054
0.010494562936506356
0.032645404671235466
0.048928073111009315
0.056963090128126614
0.026965122059749696
0.05005405033912255
-0.013951038392842147
0.03323664583101041
state - 11, scores : 0.039555526848912406

0.02485491838594312
0.10809344815869763
0.0038579278400734524
0.09012701762736171
0.02274874605399872
0.04903988638895384
0.031554411225860994
-0.015536595374812246
0.0225410843722812
0.012068139461616495
0.2539662579180834
0.03850937919060133
0.08860221054978283
0.047671416148272486
0.010949414444864332
0.04611811853997944
0.05657546398787964
state - 12, scores : 0.039394440281672626

0.03986457459462187
0.09251707331919914
0.03965569111972022
0.10910432159860174
0.05118235739255543
0.09032599242503775
0.25396755689794015
0.031070527892964175
0.01320725953479803
0.028829194356288296
0.03660101458760351
-0.03203994510029461
0.03134201385314656
0.03970715393073466
0.04914036799738283
-0.0150036962323783
0.01720114900596002
state - 13, scores : 0.039186349312670496

0.020183706448328145
0.09158004220784621
0.010692088647026962
0.010527730428507374
0.029972927482194597
0.017311470838941818
0.04121386964117458
0.007780691251502143
0.04789110590009518
0.03616895050932367
0.11064822876511647
0.09210094529345436
0.04774851029174149
0.2539600489594313
0.016214206072939726
-0.015001288597689387
0.0778748529533764
state - 14, scores : 0.03977014219677425

0.04949875827149056
0.03610591025042624
0.0286790599841229
-0.014576356638910073
0.09030187257205483
0.10918765383617832
0.03971512111155306
0.03305361412369372
0.051359211316688316
-0.03006571107733903
0.02016786189012685
0.040525191765326166
0.09227152382262363
0.031711665579324616
0.008213781662200504
0.25396722581108366
0.03020176028000837
state - 15, scores : 0.0393971044742762

0.05151301610297762
0.010886353669525069
0.04459115415655682
0.11090418024383825
0.05006887708805942
-0.013666711541962452
0.010396668280257792
0.008436157886178715
0.03271567362871558
0.09158871369948149
0.022821258441633123
0.03819487110003171
0.025102310804892683
0.09273823663090987
0.022457270580526476
0.25396151538796297
0.04628291187061504
state - 16, scores : 0.04031669863540973

0.050550060016249065
0.03440160121833763
-0.013906591005431857
0.03342075361075012
0.033818571146234745
0.0027405170820156938
0.012069103586156472
0.01939875406767603
0.022352713808601373
0.09712401527336581
0.09848398478836441
0.021644719507521528
0.0074838971017988695
0.027748516514681666
0.05544077492827809
0.2538969986241472
0.05007205647627858
state - 17, scores : 0.03420630176890627

0.03435581010596341
0.01189761338126357
0.023500692460672767
0.04844858971690154
0.25396128269415597
0.03805711004622685
0.04936055840327165
0.08784784093271789
-0.014991163169527092
0.0221396445194814
0.11172655905006736
0.010643175344388453
0.04848897198100343
0.026119213108082937
0.08988455351355483
0.008061841353811371
0.03551456534210055
state - 18, scores : 0.03967150697256671

0.02325501508874007
0.03429308702701109
0.04173227201633673
-0.029485723304840367
0.014591546393035398
0.015399696433000619
0.04656029038034823
0.023820824126774345
0.25388724639136584
-0.013576704061396631
0.03496066310084776
0.09261616122287465
0.01961839871950421
0.09408511119297748
0.04777999183317573
0.022201777509683777
0.07848428742986162
state - 19, scores : 0.032589572171673464

0.05273279651819013
0.11396263544128392
0.008794192108524921
0.023274305058978907
-0.015257837299546427
0.04765592655747995
0.03439826361823055
0.022515900946678016
0.08758075820860914
0.039251079337596244
0.03324569912774504
0.024644305673757902
0.011895550467014173
0.25395818945147336
0.08965411900801867
0.05029976428286172
0.011673005530807056
state - 20, scores : 0.04010146192962791

